Family,Base combination,FragmentFilename,PDBID,NT1ID,NT2ID,Count,LW 2002 subgroup,Resolution,UC,GA,CA,UA,UU,AA,AU,AG,AC,UG,CG,CC,GU,GG,CU,GC,
cSs,UC,cSs_UC_Exemplar.pdb,1S72,1S72_AU_1_0_2595_U_,1S72_AU_1_0_1993_C_,4,11.1,2.4,5.377070,0.000000,1.027772,0.955523,0.816827,0.923727,0.879943,1.240950,1.470612,1.667023,1.488827,1.687949,1.902618,1.828115,2.008070,2.725292,3.580106
cSs,GA,cSs_GA_Exemplar.pdb,1Q96,1Q96_AU_1_A_16_G_,1Q96_AU_1_C_15_A_,90,11.1,1.75,5.755391,1.027772,0.000000,0.358761,0.731523,0.854042,0.763106,1.061778,1.139701,1.259991,1.056956,1.096012,1.230631,1.422068,2.001420,2.297833,2.652071
cSs,CA,cSs_CA_Exemplar.pdb,1S72,1S72_AU_1_0_153_C_,1S72_AU_1_0_439_A_,160,11.1,2.4,5.445548,0.955523,0.358761,0.000000,0.434078,0.630623,0.591291,0.826528,0.868761,1.053225,0.832350,0.937302,1.214920,1.456577,1.761744,2.131432,2.756217
cSs,UA,cSs_UA_Exemplar.pdb,1GID,1GID_AU_1_A_224_U_,1GID_AU_1_A_152_A_,110,11.1,2.5,5.373987,0.816827,0.731523,0.434078,0.000000,0.489943,0.530643,0.746147,0.820928,1.145161,0.919544,1.126423,1.512310,1.668744,1.738374,2.210283,3.089694
cSs,UU,cSs_UU_Exemplar.pdb,3U5H,3U5H_AU_1_5_188_U_,3U5H_AU_1_5_207_U_,2,[11.1],3,5.426338,0.923727,0.854042,0.630623,0.489943,0.000000,0.197681,0.491172,0.732095,1.087555,0.959450,1.241120,1.660740,1.904393,1.969989,2.109003,3.020237
cSs,AA,cSs_AA_Exemplar.pdb,1FJG,1FJG_AU_1_A_946_A_,1FJG_AU_1_A_1333_A_,66,11.1,3,5.443287,0.879943,0.763106,0.591291,0.530643,0.197681,0.000000,0.554705,0.822002,1.161899,1.007332,1.278182,1.658573,1.899857,2.056956,2.187570,2.984462
cSs,AU,cSs_AU_Exemplar.pdb,1S72,1S72_AU_1_0_1007_A_,1S72_AU_1_0_2297_U_,3,11.1,2.4,5.570840,1.240950,1.061778,0.826528,0.746147,0.491172,0.554705,0.000000,0.379898,0.763222,0.658068,1.020012,1.515457,1.823369,1.857092,1.690998,2.791356
cSs,AG,cSs_AG_Exemplar.pdb,1S72,1S72_AU_1_0_2776_A_,1S72_AU_1_0_2574_G_,109,11.1,2.4,5.570524,1.470612,1.139701,0.868761,0.820928,0.732095,0.822002,0.379898,0.000000,0.549155,0.436764,0.775964,1.343700,1.726555,1.674365,1.460724,2.635955
cSs,AC,cSs_AC_Exemplar.pdb,3NKB,3NKB_AU_1_B_65_A_,3NKB_AU_1_B_19_C_,262,11.1,1.92,5.582773,1.667023,1.259991,1.053225,1.145161,1.087555,1.161899,0.763222,0.549155,0.000000,0.342450,0.498916,0.989283,1.431992,1.424310,1.101495,2.394323
cSs,UG,cSs_UG_Exemplar.pdb,1S72,1S72_AU_1_0_2115_U_,1S72_AU_1_0_2632_G_,33,11.1,2.4,5.662514,1.488827,1.056956,0.832350,0.919544,0.959450,1.007332,0.658068,0.436764,0.342450,0.000000,0.393194,0.939275,1.333742,1.426628,1.343130,2.454212
cSs,CG,cSs_CG_Exemplar.pdb,1S72,1S72_AU_1_0_774_C_,1S72_AU_1_0_471_G_,22,11.1,2.4,5.830079,1.687949,1.096012,0.937302,1.126423,1.241120,1.278182,1.020012,0.775964,0.498916,0.393194,0.000000,0.598272,1.103955,1.352850,1.337417,2.245116
cSs,CC,cSs_CC_Exemplar.pdb,CURATED_1Q86_CSS_CC_EXEMPLAR,1Q86_AU_1_A_2542_C_,1Q86_AU_1_5_75_C_,0,[11.1],3,5.766820,1.902618,1.230631,1.214920,1.512310,1.660740,1.658573,1.515457,1.343700,0.989283,0.939275,0.598272,0.000000,0.754118,1.454871,1.612745,2.085627
cSs,GU,cSs_GU_Exemplar.pdb,1S72,1S72_AU_1_0_871_G_,1S72_AU_1_0_866_U_,17,[11.1],2.4,5.900062,1.828115,1.422068,1.456577,1.668744,1.904393,1.899857,1.823369,1.726555,1.431992,1.333742,1.103955,0.754118,0.000000,1.498514,2.061886,2.595940
cSs,GG,cSs_GG_Exemplar.pdb,3U5H,3U5H_AU_1_5_2414_G_,3U5H_AU_1_5_924_G_,6,11.1,3,4.763044,2.008070,2.001420,1.761744,1.738374,1.969989,2.056956,1.857092,1.674365,1.424310,1.426628,1.352850,1.454871,1.498514,0.000000,1.945259,3.383645
cSs,CU,cSs_CU_Exemplar.pdb,1S72,1S72_AU_1_0_879_C_,1S72_AU_1_0_779_U_,4,11.1,2.4,5.940180,2.725292,2.297833,2.131432,2.210283,2.109003,2.187570,1.690998,1.460724,1.101495,1.343130,1.337417,1.612745,2.061886,1.945259,0.000000,2.217200
cSs,GC,cSs_GC_Exemplar.pdb,488D,488D_AU_1_A_50_G_,488D_AU_1_B_152_C_,6,[11.1],3.1,7.102234,3.580106,2.652071,2.756217,3.089694,3.020237,2.984462,2.791356,2.635955,2.394323,2.454212,2.245116,2.085627,2.595940,3.383645,2.217200,0.000000
