	AA	AC	AG	AU	CA	CC	CG	CU	GA	GC	GG	GU	UA	UC	UG	UU
cWW	  0.11	  0.44	  1.26	 27.67	*	  0.04	 61.37	  0.16	*	*	NA	  7.54	*	*	*	  1.42
tWW	 28.87	  5.86	NA	 29.29	*	  2.93	 23.85	  1.26	*	*	  4.18	  1.67	*	*	*	  2.09
cWH	NA	NA	  1.41	  0.00	NA	  1.41	  3.17	  0.00	  2.11	NA	 43.31	NA	 40.49	NA	  2.82	  5.28
tWH	 11.38	NA	  0.73	NA	 12.35	  0.97	  0.97	NA	NA	NA	  5.81	  0.97	 64.77	NA	  0.12	  1.94
cWS	 23.62	 26.69	  0.31	 12.27	  6.44	  2.45	  1.84	  5.52	  0.92	  1.84	  1.53	  3.37	  7.36	  0.31	  3.68	  1.84
tWS	  2.80	  1.05	 48.95	  1.05	  0.70	  3.15	  6.64	  0.00	NA	  2.80	NA	 22.38	  5.59	  1.05	  3.15	  0.70
cHH	NA	NA	 44.44	NA	*	NA	 11.11	NA	*	*	 44.44	NA	*	*	*	NA
tHH	 80.40	  3.02	  2.51	  4.02	*	NA	  2.01	  3.02	*	*	  5.03	NA	*	*	*	NA
cHS	 14.29	  2.20	  2.20	  2.20	  9.16	  1.83	  0.73	  6.96	  1.10	NA	  2.20	NA	  0.37	  0.73	 49.45	  6.59
tHS	  8.36	  2.82	 74.73	  2.09	  1.00	  1.18	NA	  0.73	NA	NA	  3.27	NA	  3.09	NA	  2.73	NA
cSS	  7.87	 28.86	 12.49	  0.52	 17.52	  0.00	  2.52	  0.52	  9.86	  0.63	  0.63	  1.78	 12.59	  0.42	  3.57	  0.21
tSS	  6.02	 17.03	 59.80	  9.09	NA	NA	NA	NA	  0.51	  0.77	  6.27	  0.51	NA	NA	NA	NA
