	AA	AC	AG	AU	CC	CG	CU	GG	GU	UU
cWW	  2.51	 10.70	  9.26	 93.84	 10.00	 95.62	 66.12	  0.00	 88.77	 77.14
tWW	 10.18	  3.08	  0.48	  1.59	 11.67	  0.69	  2.20	  3.37	  0.59	  1.79
cWH	  0.00	  0.59	  6.16	  0.32	  6.67	  1.35	  4.13	 41.41	  0.98	  5.36
tWH	 13.86	  1.17	  2.62	  0.34	 13.33	  0.57	  4.41	 16.16	  1.57	  5.71
cWS	 11.36	 13.93	  0.29	  0.98	 13.33	  0.11	  6.61	  1.68	  1.11	  2.14
tWS	  1.18	  1.76	  6.79	  0.11	 15.00	  0.20	  0.55	  0.00	  4.31	  0.71
cHH	  0.00	  0.00	  0.39	  0.00	  0.00	  0.05	  0.00	  1.35	  0.00	  0.00
tHH	 23.60	  0.88	  0.73	  0.17	  0.00	  0.14	  1.65	  3.37	  0.00	  0.00
cHS	  5.75	  1.61	  0.58	  0.51	  8.33	  0.08	 10.19	  2.02	  1.17	  6.43
tHS	 13.57	  6.45	 41.61	  0.49	 21.67	  0.37	  2.20	 12.12	  0.00	  0.00
cSS	 11.06	 40.32	  6.06	  0.15	  0.00	  0.31	  1.93	  2.02	  1.24	  0.71
tSS	  6.93	 19.50	 25.02	  1.51	  0.00	  0.50	  0.00	 16.50	  0.26	  0.00
